x=[	3.800000e-01	3.377778e-01	2.955556e-01	2.533333e-01	2.111111e-01	1.688889e-01	1.266667e-01	8.444444e-02	4.222222e-02	0.000000e+00	3.588889e-01	3.166667e-01	2.744444e-01	2.322222e-01	1.900000e-01	1.477778e-01	1.055556e-01	6.333333e-02	2.111111e-02	3.800000e-01	3.378159e-01	2.955937e-01	2.533715e-01	2.111493e-01	1.689270e-01	1.267048e-01	8.448260e-02	4.226038e-02	0.000000e+00	3.598772e-01	3.167430e-01	2.745208e-01	2.322985e-01	1.900763e-01	1.478541e-01	1.056319e-01	6.340964e-02	2.017274e-02	3.800000e-01	3.394409e-01	2.956700e-01	2.534478e-01	2.112256e-01	1.690034e-01	1.267811e-01	8.455891e-02	4.066164e-02	0.000000e+00	3.600549e-01	3.188640e-01	2.745971e-01	2.323748e-01	1.901526e-01	1.479304e-01	1.057082e-01	6.129215e-02	1.998986e-02	3.800000e-01	3.398866e-01	2.981981e-01	2.535241e-01	2.113019e-01	1.690797e-01	1.268574e-01	8.201231e-02	4.020552e-02	0.000000e+00	3.601236e-01	3.195870e-01	2.774703e-01	2.324512e-01	1.902289e-01	1.480067e-01	1.027947e-01	6.055393e-02	1.991999e-02	3.800000e-01	3.400813e-01	2.991893e-01	2.566970e-01	2.113782e-01	1.691560e-01	1.236231e-01	8.100150e-02	4.000787e-02	0.000000e+00	3.601557e-01	3.199282e-01	2.787156e-01	2.358886e-01	1.903052e-01	1.444867e-01	1.015259e-01	6.020783e-02	1.988749e-02	3.800000e-01	3.401813e-01	2.996852e-01	2.581811e-01	2.150523e-01	1.653784e-01	1.221117e-01	8.049869e-02	3.990669e-02	0.000000e+00	3.601733e-01	3.201136e-01	2.793681e-01	2.375971e-01	1.901061e-01	1.427475e-01	1.008645e-01	6.002022e-02	1.986973e-02	3.800000e-01	3.402401e-01	2.999665e-01	2.589889e-01	2.127113e-01	1.673988e-01	1.212931e-01	8.021412e-02	3.984722e-02	0.000000e+00	3.601842e-01	3.202273e-01	2.797511e-01	2.341515e-01	1.900028e-01	1.458827e-01	1.004770e-01	5.990526e-02	1.985870e-02	3.800000e-01	3.402786e-01	3.001444e-01	2.549437e-01	2.114410e-01	1.684868e-01	1.250252e-01	8.003423e-02	3.980836e-02	0.000000e+00	3.601917e-01	3.203038e-01	2.753515e-01	2.322222e-01	1.899241e-01	1.476386e-01	1.045578e-01	5.982797e-02	1.985117e-02	3.800000e-01	3.403057e-01	2.955128e-01	2.526105e-01	2.106968e-01	1.690829e-01	1.271890e-01	8.434041e-02	3.978096e-02	0.000000e+00	3.601971e-01	3.155064e-01	2.727453e-01	2.310693e-01	1.898549e-01	1.486477e-01	1.069966e-01	6.429306e-02	1.984569e-02	3.800000e-01	3.353813e-01	2.927067e-01	2.511822e-01	2.102196e-01	1.694263e-01	1.284758e-01	8.698001e-02	4.436635e-02	0.000000e+00	3.551754e-01	3.125447e-01	2.711168e-01	2.303188e-01	1.897905e-01	1.492670e-01	1.084849e-01	6.708890e-02	2.452220e-02	3.800000e-01	3.322977e-01	2.909237e-01	2.502348e-01	2.098832e-01	1.696365e-01	1.292936e-01	8.862368e-02	4.728446e-02	0.000000e+00	3.571913e-01	3.106421e-01	2.700188e-01	2.297877e-01	1.897288e-01	1.496736e-01	1.094542e-01	6.885278e-02	2.269990e-02	3.800000e-01	3.355812e-01	2.897109e-01	2.495562e-01	2.096279e-01	1.697705e-01	1.298489e-01	8.970865e-02	4.422803e-02	0.000000e+00	3.585112e-01	3.146945e-01	2.692290e-01	2.293867e-01	1.896691e-01	1.499545e-01	1.101217e-01	6.504409e-02	2.140963e-02	3.800000e-01	3.377202e-01	2.942575e-01	2.490463e-01	2.094233e-01	1.698569e-01	1.302397e-01	8.541637e-02	4.213228e-02	0.000000e+00	3.593327e-01	3.173734e-01	2.741205e-01	2.290745e-01	1.896107e-01	1.501497e-01	1.054925e-01	6.241645e-02	2.060040e-02	3.800000e-01	3.390863e-01	2.973226e-01	2.541954e-01	2.092580e-01	1.699068e-01	1.253595e-01	8.240828e-02	4.078537e-02	0.000000e+00	3.598680e-01	3.191304e-01	2.774805e-01	2.344263e-01	1.895537e-01	1.450724e-01	1.021938e-01	6.068327e-02	2.007157e-02];
y=[	0.000000e+00	0.000000e+00	0.000000e+00	0.000000e+00	0.000000e+00	0.000000e+00	0.000000e+00	0.000000e+00	0.000000e+00	0.000000e+00	3.528318e-02	3.528318e-02	3.528318e-02	3.528318e-02	3.528318e-02	3.528318e-02	3.528318e-02	3.528318e-02	3.528318e-02	6.778290e-02	7.056633e-02	7.056633e-02	7.056633e-02	7.056633e-02	7.056633e-02	7.056633e-02	7.056633e-02	7.056633e-02	6.783962e-02	1.059673e-01	1.058495e-01	1.058495e-01	1.058495e-01	1.058495e-01	1.058495e-01	1.058495e-01	1.058495e-01	1.060938e-01	1.358027e-01	1.426444e-01	1.411326e-01	1.411326e-01	1.411326e-01	1.411326e-01	1.411326e-01	1.411326e-01	1.428163e-01	1.360205e-01	1.743075e-01	1.789559e-01	1.764158e-01	1.764158e-01	1.764158e-01	1.764158e-01	1.764158e-01	1.791698e-01	1.745986e-01	2.034330e-01	2.117513e-01	2.150537e-01	2.116989e-01	2.116989e-01	2.116989e-01	2.116989e-01	2.153076e-01	2.121016e-01	2.037982e-01	2.421261e-01	2.487747e-01	2.510109e-01	2.469821e-01	2.469821e-01	2.469821e-01	2.513036e-01	2.491790e-01	2.425673e-01	2.709411e-01	2.800002e-01	2.855160e-01	2.868685e-01	2.822652e-01	2.822652e-01	2.871989e-01	2.859711e-01	2.805070e-01	2.714511e-01	3.097523e-01	3.174699e-01	3.220544e-01	3.226517e-01	3.175484e-01	3.230192e-01	3.225577e-01	3.180375e-01	3.103401e-01	3.384045e-01	3.478940e-01	3.546463e-01	3.584395e-01	3.583773e-01	3.587812e-01	3.589893e-01	3.552709e-01	3.485514e-01	3.390590e-01	3.772953e-01	3.856624e-01	3.915995e-01	3.947048e-01	4.005773e-01	3.952995e-01	3.922783e-01	3.863845e-01	3.780288e-01	4.058495e-01	4.156186e-01	4.231454e-01	4.283771e-01	4.378905e-01	4.380552e-01	4.291079e-01	4.239287e-01	4.164240e-01	4.066484e-01	4.447972e-01	4.536001e-01	4.604027e-01	4.724690e-01	4.763172e-01	4.727459e-01	4.612443e-01	4.544731e-01	4.456760e-01	4.732861e-01	4.832518e-01	4.913104e-01	5.053324e-01	5.117633e-01	5.118749e-01	5.056983e-01	4.922476e-01	4.842042e-01	4.742294e-01	5.122764e-01	5.213932e-01	5.370247e-01	5.454278e-01	5.481133e-01	5.456271e-01	5.374658e-01	5.224153e-01	5.133002e-01	5.407185e-01	5.508304e-01	5.678492e-01	5.778693e-01	5.825091e-01	5.825967e-01	5.781429e-01	5.683562e-01	5.519292e-01	5.418063e-01	5.797418e-01	5.979926e-01	6.094019e-01	6.156351e-01	6.176678e-01	6.157965e-01	6.097403e-01	5.985583e-01	5.809106e-01	6.081487e-01	6.275797e-01	6.402190e-01	6.478146e-01	6.514259e-01	6.514997e-01	6.480405e-01	6.406151e-01	6.281983e-01	6.093811e-01	6.567080e-01	6.704504e-01	6.792474e-01	6.842030e-01	6.858497e-01	6.843411e-01	6.795306e-01	6.708985e-01	6.573743e-01	6.925460e-01	7.001974e-01	7.100677e-01	7.162048e-01	7.191866e-01	7.192509e-01	7.164002e-01	7.104028e-01	7.006924e-01	6.927596e-01	7.370957e-01	7.403806e-01	7.475697e-01	7.517214e-01	7.531173e-01	7.518430e-01	7.478167e-01	7.407622e-01	7.371065e-01	7.700659e-01	7.781117e-01	7.784057e-01	7.835966e-01	7.861566e-01	7.862139e-01	7.837699e-01	7.786993e-01	7.779870e-01	7.699133e-01	8.120755e-01	8.169048e-01	8.149231e-01	8.185148e-01	8.197339e-01	8.186238e-01	8.151429e-01	8.166723e-01	8.117734e-01	8.431135e-01	8.516481e-01	8.541410e-01	8.503057e-01	8.525524e-01	8.526041e-01	8.504612e-01	8.538162e-01	8.512279e-01	8.426937e-01	8.835695e-01	8.896126e-01	8.902029e-01	8.847859e-01	8.858635e-01	8.848842e-01	8.897965e-01	8.890907e-01	8.830225e-01	9.133874e-01	9.222349e-01	9.263623e-01	9.253300e-01	9.185211e-01	9.185677e-01	9.248499e-01	9.257501e-01	9.215795e-01	9.127416e-01	9.528416e-01	9.596460e-01	9.621434e-01	9.596842e-01	9.516332e-01	9.591367e-01	9.614493e-01	9.588938e-01	9.520804e-01];
